0 0.499815 0.059039 0.905061 0.024556
0 0.499815 0.1186 0.905061 0.024295
0 0.499815 0.261233 0.905061 0.024556
0 0.499815 0.320794 0.905061 0.024556
0 0.499815 0.463427 0.905061 0.024556
0 0.499815 0.522989 0.905061 0.024556
0 0.499815 0.665622 0.905061 0.024556
0 0.499815 0.731714 0.905061 0.024556
0 0.499815 0.874347 0.905061 0.024556
0 0.499815 0.938088 0.905061 0.024295
1 0.671223 0.106583 0.010713 0.006531
1 0.541559 0.136364 0.010713 0.006531
1 0.69819 0.100575 0.010713 0.006531
1 0.69819 0.041014 0.010713 0.006531
1 0.69819 0.047022 0.010713 0.006531
1 0.541559 0.071055 0.010713 0.006792
1 0.753602 0.130617 0.010713 0.006792
1 0.721093 0.106583 0.010713 0.006531
1 0.643886 0.035266 0.010713 0.006792
1 0.568895 0.124608 0.010713 0.006531
1 0.618766 0.124608 0.010713 0.006531
1 0.643886 0.041014 0.010713 0.006531
1 0.907277 0.047022 0.010713 0.006531
1 0.930181 0.112591 0.010713 0.006531
1 0.907277 0.106583 0.010713 0.006531
1 0.907277 0.059039 0.010713 0.006531
1 0.879941 0.112591 0.010713 0.006531
1 0.852974 0.041014 0.010713 0.006531
1 0.852974 0.047022 0.010713 0.006531
1 0.250092 0.106583 0.010713 0.006531
1 0.197636 0.124608 0.010713 0.006531
1 0.331363 0.130617 0.010713 0.006792
1 0.331363 0.059039 0.010713 0.006531
1 0.331363 0.065047 0.010713 0.006792
1 0.300332 0.106583 0.010344 0.006531
1 0.277059 0.100575 0.010713 0.006531
1 0.147765 0.124608 0.010713 0.006531
1 0.174732 0.059039 0.010713 0.006531
1 0.174732 0.065047 0.010713 0.006792
1 0.120429 0.136364 0.010713 0.006531
1 0.120429 0.071055 0.010713 0.006792
1 0.507573 0.112591 0.010713 0.006531
1 0.484669 0.106583 0.010713 0.006531
1 0.457702 0.112591 0.010713 0.006531
1 0.385667 0.065047 0.010713 0.006792
1 0.385667 0.071055 0.010713 0.006792
1 0.689693 0.249216 0.010713 0.006531
1 0.662726 0.308777 0.010713 0.006531
1 0.662726 0.255225 0.010713 0.006531
1 0.768378 0.338558 0.010713 0.006531
1 0.743628 0.2372 0.010713 0.006531
1 0.716661 0.314786 0.010713 0.006531
1 0.716661 0.243208 0.010713 0.006531
1 0.60362 0.314786 0.010713 0.006531
1 0.906169 0.326803 0.010713 0.006792
1 0.813816 0.326803 0.010713 0.006792
1 0.883266 0.272989 0.010713 0.006531
1 0.860731 0.267241 0.010713 0.006792
1 0.83672 0.261233 0.010713 0.006531
1 0.231991 0.302769 0.010713 0.006531
1 0.231991 0.249216 0.010713 0.006531
1 0.206502 0.255225 0.010344 0.006531
1 0.285925 0.308777 0.010713 0.006531
1 0.285925 0.2372 0.010713 0.006531
1 0.258958 0.243208 0.010713 0.006531
1 0.174363 0.308777 0.010713 0.006531
1 0.434429 0.261233 0.010713 0.006531
1 0.456963 0.267241 0.010713 0.006792
1 0.479867 0.272989 0.010713 0.006531
1 0.342815 0.231452 0.010713 0.006792
1 0.342815 0.332811 0.010713 0.006792
1 0.66642 0.457419 0.010713 0.006531
1 0.609531 0.457419 0.010713 0.006531
1 0.650166 0.445402 0.010713 0.006531
1 0.629849 0.51698 0.010713 0.006531
1 0.629849 0.451411 0.010713 0.006531
1 0.707425 0.51698 0.010713 0.006531
1 0.707425 0.445402 0.010713 0.006531
1 0.66642 0.510972 0.010713 0.006531
1 0.687107 0.451411 0.010713 0.006531
1 0.5157 0.510972 0.010713 0.006531
1 0.497229 0.457419 0.010713 0.006531
1 0.59106 0.528997 0.010713 0.006792
1 0.574806 0.451411 0.010713 0.006531
1 0.554488 0.522989 0.010713 0.006792
1 0.554488 0.457419 0.010713 0.006531
1 0.900628 0.445402 0.010713 0.006531
1 0.921315 0.439394 0.010713 0.006531
1 0.88031 0.451411 0.010713 0.006531
1 0.861101 0.457419 0.010713 0.006531
1 0.727743 0.439394 0.010713 0.006531
1 0.247137 0.451411 0.010713 0.006531
1 0.203546 0.510972 0.010713 0.006531
1 0.285925 0.528997 0.010713 0.006792
1 0.267455 0.445402 0.010713 0.006531
1 0.120429 0.493208 0.010713 0.006531
1 0.161433 0.481191 0.010713 0.006531
1 0.141116 0.4872 0.010344 0.006531
1 0.429996 0.528997 0.010713 0.006792
1 0.403768 0.469175 0.010713 0.006531
1 0.471001 0.522989 0.010713 0.006792
1 0.334688 0.463427 0.010713 0.006792
1 0.387514 0.463427 0.010713 0.006792
1 0.699298 0.671369 0.010713 0.006531
1 0.674547 0.701933 0.010713 0.006531
1 0.751016 0.719697 0.010713 0.006531
1 0.595863 0.665361 0.010713 0.006531
1 0.571112 0.695925 0.010713 0.006531
1 0.933136 0.653605 0.010713 0.006531
1 0.829701 0.647597 0.010713 0.006531
1 0.854451 0.725705 0.010713 0.006531
1 0.250831 0.695925 0.010713 0.006531
1 0.199113 0.63558 0.010713 0.006531
1 0.275582 0.665361 0.010713 0.006531
1 0.120429 0.707941 0.010713 0.006792
1 0.430735 0.719697 0.010713 0.006531
1 0.405984 0.641588 0.010713 0.006531
1 0.50942 0.647597 0.010713 0.006531
1 0.3273 0.713689 0.010713 0.006531
1 0.66642 0.950104 0.010713 0.006792
1 0.628371 0.892111 0.010713 0.006531
1 0.724788 0.880094 0.010344 0.006531
1 0.514592 0.944096 0.010713 0.006531
1 0.610639 0.920324 0.010713 0.006792
1 0.57259 0.874347 0.010713 0.006792
1 0.913557 0.850313 0.010713 0.006531
1 0.893609 0.856322 0.010713 0.006531
1 0.873661 0.86233 0.010713 0.006531
1 0.854821 0.868339 0.010713 0.006531
1 0.216476 0.914316 0.010713 0.006531
1 0.234577 0.886102 0.010713 0.006531
1 0.272627 0.932079 0.010713 0.006531
1 0.158478 0.880094 0.010713 0.006531
1 0.140377 0.908307 0.010713 0.006531
1 0.410787 0.868339 0.010713 0.006531
1 0.476542 0.886102 0.010713 0.006531
1 0.458441 0.914316 0.010713 0.006531
1 0.330624 0.86233 0.010713 0.006531
1 0.348726 0.938088 0.010713 0.006531
2 0.643886 0.127482 0.010713 0.006531
2 0.753602 0.03814 0.010713 0.006531
2 0.753602 0.044148 0.010713 0.006531
2 0.595863 0.10371 0.010713 0.006531
2 0.595863 0.03814 0.010713 0.006531
2 0.595863 0.044148 0.010713 0.006531
2 0.808275 0.050157 0.010344 0.006792
2 0.780938 0.115726 0.010713 0.006792
2 0.808275 0.044148 0.010344 0.006531
2 0.852974 0.13349 0.010713 0.006531
2 0.831178 0.115726 0.010713 0.006792
2 0.808275 0.10371 0.010344 0.006531
2 0.222756 0.061912 0.010713 0.006531
2 0.222756 0.127482 0.010713 0.006531
2 0.222756 0.055904 0.010713 0.006531
2 0.277059 0.061912 0.010713 0.006531
2 0.277059 0.067921 0.010713 0.006531
2 0.174732 0.10371 0.010713 0.006531
2 0.430366 0.13349 0.010713 0.006531
2 0.430366 0.061912 0.010713 0.006531
2 0.430366 0.067921 0.010713 0.006531
2 0.40857 0.115726 0.010713 0.006792
2 0.484669 0.067921 0.010713 0.006531
2 0.484669 0.079937 0.010713 0.006531
2 0.35833 0.115726 0.010713 0.006792
2 0.385667 0.10371 0.010713 0.006531
2 0.549686 0.276123 0.010713 0.006531
2 0.768378 0.240334 0.010713 0.006531
2 0.549686 0.335684 0.010713 0.006531
2 0.60362 0.264107 0.010713 0.006531
2 0.630587 0.258098 0.010713 0.006531
2 0.576653 0.270115 0.010713 0.006531
2 0.928703 0.287879 0.010713 0.006531
2 0.906169 0.282132 0.010713 0.006792
2 0.813816 0.25209 0.010713 0.006531
2 0.791282 0.246343 0.010344 0.006792
2 0.860731 0.311912 0.010713 0.006792
2 0.317695 0.234326 0.010713 0.006531
2 0.174363 0.258098 0.010713 0.006531
2 0.147396 0.264107 0.010713 0.006531
2 0.120429 0.329676 0.010713 0.006531
2 0.120429 0.270115 0.010713 0.006531
2 0.434429 0.305904 0.010713 0.006531
2 0.410787 0.25209 0.010713 0.006531
2 0.502401 0.282132 0.010713 0.006792
2 0.479867 0.317659 0.010713 0.006531
2 0.365349 0.240334 0.010713 0.006531
2 0.388253 0.246343 0.010713 0.006792
2 0.388253 0.317659 0.010713 0.006531
2 0.536018 0.460293 0.010713 0.006531
2 0.5157 0.466301 0.010713 0.006531
2 0.59106 0.460293 0.010713 0.006531
2 0.939416 0.43652 0.010713 0.006531
2 0.834873 0.460293 0.010713 0.006531
2 0.814555 0.466301 0.010713 0.006531
2 0.794237 0.472309 0.010344 0.006531
2 0.247137 0.525862 0.010713 0.006531
2 0.224233 0.460293 0.010344 0.006531
2 0.203546 0.466301 0.010713 0.006531
2 0.30218 0.448537 0.010713 0.006792
2 0.285925 0.442529 0.010713 0.006792
2 0.120429 0.53187 0.010713 0.006531
2 0.184337 0.472309 0.010713 0.006531
2 0.161433 0.525862 0.010713 0.006531
2 0.429996 0.472309 0.010713 0.006531
2 0.471001 0.460293 0.010713 0.006531
2 0.450683 0.466301 0.010713 0.006531
2 0.355006 0.513845 0.010713 0.006531
2 0.355006 0.448537 0.010713 0.006792
2 0.318434 0.519854 0.010713 0.006531
2 0.318434 0.454284 0.010713 0.006531
2 0.37126 0.454284 0.010713 0.006531
2 0.387514 0.519854 0.010713 0.006531
2 0.64758 0.722832 0.010713 0.006792
2 0.726265 0.65047 0.010713 0.006531
2 0.62283 0.644723 0.010713 0.006792
2 0.802734 0.668495 0.010713 0.006531
2 0.777983 0.698798 0.010713 0.006531
2 0.906169 0.674504 0.010713 0.006792
2 0.881419 0.704807 0.010713 0.006531
2 0.223864 0.716823 0.010713 0.006531
2 0.302549 0.644723 0.010713 0.006792
2 0.147396 0.687043 0.010713 0.006792
2 0.172146 0.656479 0.010713 0.006531
2 0.457702 0.698798 0.010713 0.006531
2 0.544145 0.716823 0.010713 0.006531
2 0.482453 0.668495 0.010713 0.006531
2 0.379017 0.662487 0.010713 0.006531
2 0.354267 0.693051 0.010713 0.006792
2 0.648689 0.871212 0.010713 0.006531
2 0.70447 0.900993 0.010713 0.006531
2 0.686738 0.929206 0.010713 0.006531
2 0.552641 0.895246 0.010713 0.006792
2 0.53454 0.923197 0.010713 0.006531
2 0.496491 0.865204 0.010713 0.006531
2 0.590321 0.940961 0.010713 0.006531
2 0.939786 0.84744 0.010713 0.006531
2 0.796823 0.883229 0.010713 0.006531
2 0.83672 0.871212 0.010713 0.006531
2 0.816771 0.87722 0.010713 0.006531
2 0.196528 0.935214 0.010713 0.006792
2 0.310676 0.883229 0.010713 0.006531
2 0.292575 0.911181 0.010713 0.006531
2 0.254525 0.865204 0.010713 0.006531
2 0.120429 0.929206 0.010713 0.006531
2 0.178426 0.859457 0.010713 0.006792
2 0.438493 0.935214 0.010713 0.006792
2 0.366457 0.917189 0.010713 0.006531
2 0.384559 0.889237 0.010713 0.006531
3 0.754341 0.528997 0.011452 0.006792
3 0.754341 0.445402 0.011452 0.006531
3 0.754341 0.451411 0.011452 0.006531
3 0.758774 0.86233 0.011821 0.006531
3 0.758774 0.944096 0.011821 0.006531
3 0.758774 0.856322 0.011821 0.006531
4 0.754341 0.43652 0.011452 0.006531
4 0.758774 0.84744 0.011821 0.006531
